2.40964 0.977044 1.31626 1.54092 1.8223 7.09794 222663
2.96515 0.0694169 0.00460904 0.393509 -0.294552 0.165724 
0.0694169 1.06206 0.394117 0.244791 0.0601271 0.282553 
0.00460904 0.394117 1.31427 0.297653 0.0730756 0.363438 
0.393509 0.244791 0.297653 1.08065 0.0033547 0.430578 
-0.294552 0.0601271 0.0730756 0.0033547 0.151062 0.120902 
0.165724 0.282553 0.363438 0.430578 0.120902 3.87244 
1.84333 0.876377 1.24353 1.98172 1.57393e-05 5.78166 414421
2.09752 0.14954 0.0481654 -0.18065 3.4422e-05 0.0927936 
0.14954 0.940539 0.244203 0.264519 -1.06067e-05 0.594929 
0.0481654 0.244203 1.18511 0.193639 -7.80222e-06 0.645741 
-0.18065 0.264519 0.193639 1.84778 -2.11617e-05 1.16145 
3.4422e-05 -1.06067e-05 -7.80222e-06 -2.11617e-05 6.13515e-05 6.03287e-06 
0.0927936 0.594929 0.645741 1.16145 6.03287e-06 4.82623 
1.06022 1.71965 2.29815 3.99999 2.00002 7.8095 227172
1.54972 -0.23174 -0.320814 -6.84996e-05 3.82866e-05 0.172129 
-0.23174 1.17329 0.0603312 3.76082e-05 -2.09451e-05 0.0498102 
-0.320814 0.0603312 1.60519 3.91054e-05 -2.21072e-05 0.115985 
-6.84996e-05 3.76082e-05 3.91054e-05 8.93635e-05 -4.72941e-05 3.98723e-05 
3.82866e-05 -2.09451e-05 -2.21072e-05 -4.72941e-05 2.67607e-05 -2.3214e-05 
0.172129 0.0498102 0.115985 3.98723e-05 -2.3214e-05 2.86477 
0.465111 3.80207 3.80207 3.99998 2.00001 7.42735 321025
0.909343 -0.401743 -0.401727 -5.88459e-05 3.29333e-05 0.107059 
-0.401743 0.190547 0.190534 6.29088e-05 -3.52574e-05 -0.0478098 
-0.401727 0.190534 0.190532 5.38853e-05 -3.04027e-05 -0.0478155 
-5.88459e-05 6.29088e-05 5.38853e-05 6.32375e-05 -3.34676e-05 2.15548e-05 
3.29333e-05 -3.52574e-05 -3.04027e-05 -3.34676e-05 1.89371e-05 -1.26776e-05 
0.107059 -0.0478098 -0.0478155 2.15548e-05 -1.26776e-05 0.886092 
